0 335.0000000000 151.0000000000
1 129.0000000000 2257.0000000000
2 152.0000000000 3971.0000000000
3 159.0000000000 4296.0000000000
4 195.0000000000 5673.0000000000
5 210.0000000000 6039.0000000000
6 234.0000000000 6315.0000000000
7 253.0000000000 5278.0000000000
8 173.0000000000 5771.0000000000
9 196.0000000000 5655.0000000000
10 180.0000000000 5601.0000000000
11 195.0000000000 5599.0000000000
12 201.0000000000 5637.0000000000
13 211.0000000000 5641.0000000000
14 227.0000000000 5681.0000000000
15 260.0000000000 5667.0000000000
16 240.0000000000 7163.0000000000
17 247.0000000000 7099.0000000000
18 265.0000000000 7116.0000000000
19 275.0000000000 7103.0000000000
20 285.0000000000 7225.0000000000
21 327.0000000000 7188.0000000000
22 306.0000000000 7169.0000000000
23 313.0000000000 7189.0000000000
24 363.0000000000 7138.0000000000
25 335.0000000000 7083.0000000000
26 349.0000000000 7103.0000000000
27 359.0000000000 7103.0000000000
28 373.0000000000 7313.0000000000
29 371.0000000000 7313.0000000000
30 383.0000000000 7329.0000000000
31 407.0000000000 7254.0000000000
32 411.0000000000 8885.0000000000
33 425.0000000000 8918.0000000000
34 435.0000000000 8756.0000000000
35 445.0000000000 8773.0000000000
36 460.0000000000 8692.0000000000
37 495.0000000000 8644.0000000000
38 507.0000000000 8959.0000000000
39 483.0000000000 8877.0000000000
40 553.0000000000 9115.0000000000
41 509.0000000000 8936.0000000000
42 547.0000000000 9035.0000000000
43 521.0000000000 8877.0000000000
44 573.0000000000 9122.0000000000
45 546.0000000000 8823.0000000000
46 571.0000000000 9071.0000000000
47 571.0000000000 8799.0000000000
48 581.0000000000 9017.0000000000
49 591.0000000000 8929.0000000000
50 599.0000000000 8993.0000000000
51 613.0000000000 8857.0000000000
52 632.0000000000 9213.0000000000
53 632.0000000000 8874.0000000000
54 644.0000000000 9231.0000000000
55 656.0000000000 8862.0000000000
56 668.0000000000 9570.0000000000
57 712.0000000000 9288.0000000000
58 706.0000000000 9395.0000000000
59 708.0000000000 9093.0000000000
60 706.0000000000 9360.0000000000
61 716.0000000000 9145.0000000000
62 732.0000000000 9458.0000000000
63 740.0000000000 8975.0000000000
64 752.0000000000 11415.0000000000
65 756.0000000000 10990.0000000000
66 768.0000000000 11090.0000000000
67 779.0000000000 10705.0000000000
68 794.0000000000 11140.0000000000
69 800.0000000000 10649.0000000000
70 848.0000000000 10979.0000000000
71 850.0000000000 10659.0000000000
72 836.0000000000 11287.0000000000
73 850.0000000000 10679.0000000000
74 862.0000000000 11156.0000000000
75 870.0000000000 10615.0000000000
76 880.0000000000 11004.0000000000
77 890.0000000000 10659.0000000000
78 934.0000000000 10904.0000000000
79 909.0000000000 10512.0000000000
80 934.0000000000 11345.0000000000
81 944.0000000000 11168.0000000000
82 940.0000000000 11116.0000000000
83 976.0000000000 10717.0000000000
84 1033.0000000000 11248.0000000000
85 977.0000000000 10911.0000000000
86 994.0000000000 11416.0000000000
87 1023.0000000000 10825.0000000000
88 1011.0000000000 11657.0000000000
89 1021.0000000000 11142.0000000000
90 1040.0000000000 11337.0000000000
91 1034.0000000000 11056.0000000000
92 1085.0000000000 11601.0000000000
93 1052.0000000000 10901.0000000000
94 1120.0000000000 11260.0000000000
95 1152.0000000000 10937.0000000000
96 1126.0000000000 11383.0000000000
97 1158.0000000000 11166.0000000000
98 1179.0000000000 11300.0000000000
99 1200.0000000000 10869.0000000000
100 1237.0000000000 11820.0000000000
